place          n  colrd fitted    fit  L* sd  marks  mk sd col in col out shp in shp out    gap
airlock        1  0.000      0      -      -   5.22      -      -  0.214      -  0.235      -
camp           5  0.000      0      -    8.3   4.55   5.14  0.345  0.136  0.378  0.164 -0.005
flat           9  0.000      2  1.000   16.7   4.83   1.51  0.186  0.122  0.243  0.176 -0.003
garage        19  0.000      6  1.000   12.6   2.80   1.50  0.185  0.159  0.199  0.177  0.004
greenhouse     3  0.044      2  0.992    4.5   6.12   0.54  0.071  0.140  0.140  0.174 -0.035
habitat        2  0.000      0      -    3.6   3.17   0.11  0.076  0.153  0.046  0.172  0.049
hangar        13  0.000      5  1.000    9.5   2.99   1.62  0.185  0.151  0.231  0.174 -0.023
hub           12  0.000      3  1.000    3.8   5.96   1.35  0.243  0.151  0.243  0.160  0.009
lab           22  0.000      4  1.000   14.4   1.96   0.94  0.203  0.162  0.195  0.174  0.020
launch         1  0.017      0      -      -   6.34      -      -  0.111      -  0.165      -
old_station   24  0.000      5  1.000   12.7   8.96   4.00  0.221  0.156  0.217  0.175  0.023
square         2  0.287      2  1.000    4.2   7.24   0.02  0.232  0.142  0.271  0.192  0.011
stairwell      1  0.526      1  1.000      -   6.92      -      -  0.120      -  0.146      -
street         2  0.399      1  1.000   15.6   6.30   1.23  0.495  0.160  0.412  0.214  0.137
workshop       8  0.000      2  1.000    3.8   7.28   1.05  0.402  0.158  0.400  0.178  0.022
wreck         16  0.000      1  1.000   12.8   3.98   3.08  0.241  0.161  0.257  0.175 -0.002
world: 140 models (11 pairs of copies left out), L* sd 15.0, coloured palettes shared 0.982
world likeness: colour 0.217 within, 0.153 across; shape 0.224 within, 0.174 across; gap 0.014 (pairs within, across: [1020, 1087])
